Button:
Width = 2.452008
Height = 1
Length = 1
XSpace = 1.8809
YSpace = 3.32208